1.974367, -0.003105449, -0.270177, 0.187396, 1.175412, 29.52935, 355.6684, 0.1, 0.1 
1.986746, -0.003430888, -0.2705691, 0.1871043, 1.197652, 29.54748, 355.7563, 0.1, 0.1 
2.003337, -0.0038562, -0.2704567, 0.1866849, 1.287798, 29.54095, 355.8297, 0.1, 0.1 
2.020085, -0.003970296, -0.2700857, 0.1863835, 1.343975, 29.54971, 355.884, 0.1, 0.1 
2.036754, -0.003639173, -0.27066, 0.187067, 1.363116, 29.56773, 355.8556, 0.1, 0.1 
2.053376, -0.003821284, -0.272696, 0.1870174, 1.590592, 29.51815, 355.8402, 0.1, 0.1 
2.070051, -0.004220262, -0.2733448, 0.1867999, 1.603015, 29.44976, 355.9827, 0.1, 0.1 
2.086786, -0.004549115, -0.2738302, 0.1865087, 1.391051, 29.46306, 356.1325, 0.1, 0.1 
2.103415, -0.004521456, -0.2737318, 0.1858015, 1.745329, 29.41784, 356.3125, 0.1, 0.1 
2.120105, -0.004326642, -0.2744542, 0.1858505, 1.797719, 29.46618, 356.2275, 0.1, 0.1 
2.136758, -0.004152232, -0.2758824, 0.1866817, 1.713392, 29.5871, 355.9859, 0.1, 0.1 
2.153446, -0.005052011, -0.2774923, 0.186717, 1.810344, 29.39904, 355.6775, 0.1, 0.1 
2.170106, -0.004831609, -0.2777607, 0.1867055, 1.863839, 29.39368, 355.3, 0.1, 0.1 
2.186762, -0.004950251, -0.2788717, 0.1875215, 1.802475, 29.40906, 355.3615, 0.1, 0.1 
2.203411, -0.005070803, -0.2801222, 0.1885586, 2.043218, 29.2346, 354.9812, 0.1, 0.1 
2.220093, -0.005082326, -0.2806298, 0.1887843, 2.23885, 29.0913, 354.684, 0.1, 0.1 
2.23676, -0.004500422, -0.2806975, 0.1891057, 2.086024, 29.14208, 354.5006, 0.1, 0.1 
2.25338, -0.005059383, -0.2793795, 0.1882422, 1.799702, 29.20086, 354.9748, 0.1, 0.1 
2.270033, -0.003888963, -0.2799129, 0.1894821, 1.267843, 29.5977, 355.0937, 0.1, 0.1 
2.286717, -0.004056045, -0.2797158, 0.1905221, 0.9726243, 29.72493, 355.4278, 0.1, 0.1 
2.303384, -0.00457209, -0.2789554, 0.1905664, 0.9821019, 29.66986, 355.6738, 0.1, 0.1 
2.320153, -0.004687379, -0.2791566, 0.190688, 1.090963, 29.54181, 355.7846, 0.1, 0.1 
2.336886, -0.005345555, -0.2800735, 0.1909682, 1.340942, 29.30585, 355.5602, 0.1, 0.1 
2.353365, -0.005484772, -0.2803606, 0.1913471, 1.515074, 29.17773, 355.4209, 0.1, 0.1 
2.37014, -0.005455813, -0.2809997, 0.1924309, 1.485147, 29.06198, 355.2722, 0.1, 0.1 
2.386821, -0.005386022, -0.28107, 0.1930861, 1.479367, 28.97955, 355.3132, 0.1, 0.1 
2.403431, -0.005292559, -0.2810872, 0.1935704, 1.393123, 28.99566, 355.4238, 0.1, 0.1 
2.420107, -0.005260374, -0.2808591, 0.1935557, 1.475443, 29.01272, 355.4727, 0.1, 0.1 
2.436805, -0.006105509, -0.2811708, 0.1935912, 1.608575, 28.91973, 355.447, 0.1, 0.1 
2.453365, -0.005996632, -0.2808675, 0.1933676, 1.611164, 28.95317, 355.3863, 0.1, 0.1 
2.470127, -0.00580523, -0.2805879, 0.1929368, 1.600911, 28.93962, 355.3232, 0.1, 0.1 
2.486701, -0.005472924, -0.280278, 0.1925805, 1.678048, 29.04934, 355.3195, 0.1, 0.1 
2.503475, -0.005347163, -0.2799434, 0.1924822, 1.760243, 29.17216, 355.3416, 0.1, 0.1 
2.520161, -0.005386646, -0.2796529, 0.1925976, 1.751351, 29.24989, 355.3424, 0.1, 0.1 
2.53679, -0.005297735, -0.2797729, 0.192843, 1.745953, 29.32609, 355.3564, 0.1, 0.1 
2.553489, -0.005880963, -0.2806757, 0.1931762, 1.962279, 29.20448, 355.2818, 0.1, 0.1 
2.570104, -0.005955023, -0.2803884, 0.1931436, 1.872987, 29.13596, 355.0801, 0.1, 0.1 
2.586765, -0.00589303, -0.2806513, 0.1934988, 1.863218, 29.02373, 355.0973, 0.1, 0.1 
2.603462, -0.00571256, -0.2796572, 0.1936359, 1.686515, 29.04515, 354.9489, 0.1, 0.1 
2.620123, -0.00541839, -0.2788662, 0.1937398, 1.614147, 29.1876, 354.8264, 0.1, 0.1 
2.636729, -0.005387823, -0.2784947, 0.1939559, 1.679823, 29.20251, 354.7771, 0.1, 0.1 
2.653401, -0.005482898, -0.2784491, 0.1944979, 1.549189, 29.18516, 354.7562, 0.1, 0.1 
2.670116, -0.005732181, -0.2783545, 0.1948063, 1.443726, 29.0648, 354.6987, 0.1, 0.1 
2.68672, -0.005795491, -0.2780499, 0.195377, 1.411191, 28.90911, 354.5749, 0.1, 0.1 
2.703504, -0.005646767, -0.277905, 0.1961625, 1.073659, 28.88403, 354.7514, 0.1, 0.1 
2.720211, -0.005353434, -0.2776405, 0.1968626, 0.9199888, 28.89597, 354.9886, 0.1, 0.1 
2.736812, -0.004733779, -0.2767427, 0.1971153, 0.8994582, 28.98055, 354.9979, 0.1, 0.1 
2.75342, -0.004565376, -0.276517, 0.1972073, 0.9110975, 29.00922, 355.0063, 0.1, 0.1 
2.77026, -0.004474418, -0.2762102, 0.196991, 0.9176157, 29.04254, 355.0567, 0.1, 0.1 
2.786776, -0.004177094, -0.2762702, 0.1973957, 0.9350004, 29.06445, 355.1618, 0.1, 0.1 
2.803407, -0.003767362, -0.2759835, 0.1977594, 0.8751553, 29.1036, 355.222, 0.1, 0.1 
2.820166, -0.003281334, -0.2761956, 0.1986658, 0.7453003, 29.1468, 355.3198, 0.1, 0.1 
2.836761, -0.002974987, -0.2767579, 0.1996701, 0.6934208, 29.1323, 355.3883, 0.1, 0.1 
2.853464, -0.002476647, -0.2764778, 0.2002625, 0.6840628, 29.17448, 355.3485, 0.1, 0.1 
2.87018, -0.002306893, -0.2763977, 0.2000724, 0.7998764, 29.09697, 355.1868, 0.1, 0.1 
2.886751, -0.001784055, -0.2767508, 0.2008441, 0.826835, 29.09502, 355.1354, 0.1, 0.1 
2.903457, -0.001444971, -0.2766339, 0.2011912, 0.8890197, 29.10888, 355.1843, 0.1, 0.1 
2.920102, -0.001173303, -0.2770512, 0.201933, 0.9098433, 29.13398, 355.245, 0.1, 0.1 
2.936767, -0.0008589067, -0.2770709, 0.2033375, 0.8668961, 29.13501, 355.0984, 0.1, 0.1 
2.953454, -0.0008828342, -0.2764864, 0.2033029, 0.915239, 29.08718, 355.0023, 0.1, 0.1 
2.970125, -0.0006429404, -0.2751931, 0.2025521, 0.7879468, 29.15931, 355.0879, 0.1, 0.1 
2.986821, -0.0003452376, -0.2745919, 0.2025243, 0.7267823, 29.18843, 355.1628, 0.1, 0.1 
3.003401, 7.423013E-05, -0.2748802, 0.2029769, 0.6961817, 29.22194, 355.2254, 0.1, 0.1 
3.020108, 0.0003646873, -0.275376, 0.2033518, 0.7337843, 29.29448, 355.2978, 0.1, 0.1 
3.036844, 0.0006765164, -0.2754755, 0.2040862, 0.7063488, 29.36466, 355.2678, 0.1, 0.1 
3.053462, 0.0004411899, -0.2752289, 0.2044902, 0.687377, 29.26743, 355.1363, 0.1, 0.1 
3.070147, 0.0006321296, -0.2746041, 0.2044553, 0.6242957, 29.26815, 355.2832, 0.1, 0.1 
3.086791, 0.001137663, -0.2742454, 0.2046251, 0.5223225, 29.27774, 355.4192, 0.1, 0.1 
3.103515, 0.001516514, -0.2753088, 0.2060419, 0.4884877, 29.24939, 355.4434, 0.1, 0.1 
3.120134, 0.001458105, -0.2771032, 0.2081316, 0.4603343, 29.2441, 355.4578, 0.1, 0.1 
3.136813, 0.001768876, -0.2797092, 0.2112728, 0.4464107, 29.47607, 355.761, 0.1, 0.1 
3.153477, 0.001537036, -0.279007, 0.2118389, 0.4196579, 29.39346, 355.4838, 0.1, 0.1 
3.170179, 0.001891263, -0.2789142, 0.2127514, 0.3508259, 29.22716, 355.221, 0.1, 0.1 
3.186803, 0.002535854, -0.2788132, 0.2128075, 0.4710415, 29.16953, 355.1516, 0.1, 0.1 
3.203489, 0.003597286, -0.2810338, 0.2156792, 0.6460804, 29.20027, 355.3291, 0.1, 0.1 
3.2203, 0.003379863, -0.2805864, 0.215518, 0.7637808, 29.25924, 355.3391, 0.1, 0.1 
3.236753, 0.003728803, -0.2825082, 0.2178843, 0.8977431, 29.23495, 355.3136, 0.1, 0.1 
3.253413, 0.004331946, -0.2844288, 0.2201436, 0.8125379, 29.19553, 355.288, 0.1, 0.1 
3.270146, 0.004476711, -0.2867087, 0.2225731, 0.8520764, 29.14536, 355.3906, 0.1, 0.1 
3.28681, 0.003955781, -0.2852571, 0.2206945, 0.779768, 29.17096, 355.5697, 0.1, 0.1 
3.303556, 0.003775679, -0.2842242, 0.2196956, 0.803048, 29.15297, 355.5664, 0.1, 0.1 
3.320145, 0.004356094, -0.2857299, 0.2218237, 0.7051567, 29.29623, 355.6043, 0.1, 0.1 
3.336804, 0.004174821, -0.2849709, 0.2209838, 0.7993429, 29.31007, 355.5959, 0.1, 0.1 
3.35355, 0.005427383, -0.2848924, 0.2208064, 0.7683673, 29.37276, 355.6207, 0.1, 0.1 
3.370188, 0.005592547, -0.2856684, 0.2223137, 0.8147385, 29.34295, 355.6458, 0.1, 0.1 
3.386799, 0.005505234, -0.2877426, 0.2254207, 0.7092764, 29.3793, 355.7581, 0.1, 0.1 
3.403506, 0.005546197, -0.2896387, 0.2279162, 0.6287219, 29.60265, 355.9595, 0.1, 0.1 
3.42021, 0.005890943, -0.287693, 0.2248058, 0.832472, 29.54955, 355.8824, 0.1, 0.1 
3.436855, 0.00685367, -0.2882289, 0.2247835, 1.103126, 29.52381, 355.6619, 0.1, 0.1 
3.453516, 0.007543392, -0.2884475, 0.2255442, 1.204146, 29.55017, 355.5529, 0.1, 0.1 
3.470162, 0.008577496, -0.2912593, 0.2303467, 1.17701, 29.54198, 355.4021, 0.1, 0.1 
3.486796, 0.009897597, -0.2917086, 0.2321317, 1.145612, 29.68764, 355.3793, 0.1, 0.1 
3.503496, 0.01067287, -0.2924334, 0.2336774, 1.135098, 29.81147, 355.341, 0.1, 0.1 
3.520166, 0.0118124, -0.2937661, 0.2356713, 1.201267, 29.88227, 355.2177, 0.1, 0.1 
3.536917, 0.01106136, -0.2889503, 0.2292877, 1.220185, 29.80889, 355.2018, 0.1, 0.1 
3.553684, 0.009573571, -0.2880232, 0.2278605, 0.9707032, 29.65187, 355.5828, 0.1, 0.1 
3.570129, 0.009102553, -0.2877275, 0.2276517, 0.8866505, 29.49466, 355.7006, 0.1, 0.1 
3.586805, 0.009769939, -0.2881697, 0.228265, 0.8159433, 29.39368, 355.747, 0.1, 0.1 
3.603505, 0.01020235, -0.2888577, 0.2290151, 0.8472028, 29.31143, 355.7308, 0.1, 0.1 
3.620186, 0.01076159, -0.2898333, 0.2305732, 0.8238676, 29.30594, 355.7362, 0.1, 0.1 
3.636899, 0.01081964, -0.2901004, 0.2312891, 0.852511, 29.2659, 355.7213, 0.1, 0.1 
3.653545, 0.0107742, -0.2903382, 0.2318487, 0.9031134, 29.23523, 355.6885, 0.1, 0.1 
3.6701, 0.01222053, -0.2942469, 0.2371688, 0.812583, 29.68447, 356.1169, 0.1, 0.1 
3.686901, 0.01184429, -0.2915757, 0.233633, 0.8420048, 29.51979, 355.992, 0.1, 0.1 
3.703461, 0.01193624, -0.2907949, 0.2319175, 0.8842865, 29.41578, 355.8594, 0.1, 0.1 
3.720194, 0.01216468, -0.2915951, 0.2330916, 0.8803049, 29.33138, 355.769, 0.1, 0.1 
3.736863, 0.01190196, -0.2919663, 0.2340263, 0.9266157, 29.25217, 355.7032, 0.1, 0.1 
3.753517, 0.01188261, -0.2919375, 0.2339456, 0.9214301, 29.19966, 355.703, 0.1, 0.1 
3.770226, 0.01214332, -0.2921965, 0.2340751, 0.9225958, 29.16988, 355.7213, 0.1, 0.1 
3.795588, 0.01224795, -0.2921576, 0.2338476, 0.9496815, 29.17091, 355.6785, 0.1, 0.1 
3.803468, 0.01240474, -0.2920713, 0.2335783, 0.9734352, 29.19466, 355.667, 0.1, 0.1 
3.820135, 0.0129628, -0.2922506, 0.2345084, 0.9001088, 29.24547, 355.6774, 0.1, 0.1 
3.836858, 0.01333132, -0.2929412, 0.2362833, 0.8371086, 29.25155, 355.6649, 0.1, 0.1 
3.853518, 0.01325976, -0.2931429, 0.2368428, 0.8241576, 29.2362, 355.6318, 0.1, 0.1 
3.870102, 0.01303486, -0.2931252, 0.2367053, 0.8969375, 29.22759, 355.6017, 0.1, 0.1 
3.886812, 0.01277182, -0.292408, 0.2357937, 0.8930405, 29.2054, 355.6049, 0.1, 0.1 
3.90352, 0.01269257, -0.2921383, 0.234825, 0.8774908, 29.22997, 355.6362, 0.1, 0.1 
3.920145, 0.01290948, -0.292364, 0.2351027, 0.8981649, 29.25314, 355.6468, 0.1, 0.1 
3.936994, 0.01281458, -0.2923158, 0.2354304, 0.8878848, 29.24478, 355.6461, 0.1, 0.1 
3.953477, 0.01291429, -0.2923993, 0.2362035, 0.8471579, 29.23005, 355.6503, 0.1, 0.1 
3.970283, 0.01299162, -0.2923675, 0.2365645, 0.8150666, 29.20788, 355.6299, 0.1, 0.1 
3.986829, 0.01296331, -0.2918768, 0.2365038, 0.7834547, 29.22302, 355.6086, 0.1, 0.1 
4.003613, 0.01243456, -0.2913654, 0.2351311, 0.8071361, 29.26539, 355.6413, 0.1, 0.1 
4.020106, 0.01214094, -0.2915572, 0.2348534, 0.8555111, 29.26135, 355.5822, 0.1, 0.1 
4.036938, 0.01168909, -0.2912706, 0.2342773, 0.9685411, 29.21442, 355.5327, 0.1, 0.1 
4.053549, 0.01139265, -0.2908868, 0.2343245, 0.9851025, 29.1914, 355.5201, 0.1, 0.1 
4.070131, 0.01139066, -0.2902095, 0.2342321, 0.9192296, 29.21957, 355.5303, 0.1, 0.1 
4.086819, 0.01150801, -0.2891012, 0.2333243, 0.8445301, 29.30822, 355.5343, 0.1, 0.1 
4.103486, 0.01123162, -0.2886296, 0.2317709, 0.8920848, 29.4253, 355.554, 0.1, 0.1 
4.120156, 0.01191092, -0.2907064, 0.2335052, 1.16325, 29.43191, 355.3836, 0.1, 0.1 
4.13682, 0.0130556, -0.2944592, 0.2382921, 1.756357, 29.36211, 355.0732, 0.1, 0.1 
4.153525, 0.01424611, -0.2988943, 0.2459838, 2.134867, 29.34822, 355.1167, 0.1, 0.1 
4.170163, 0.01339936, -0.2969023, 0.2454709, 2.188041, 29.26165, 355.4868, 0.1, 0.1 
4.186794, 0.01339512, -0.2959455, 0.245708, 2.25801, 29.14877, 355.3648, 0.1, 0.1 
4.20347, 0.01312105, -0.2952479, 0.2450132, 2.082037, 29.20183, 355.2188, 0.1, 0.1 
4.220156, 0.01212703, -0.2949252, 0.2447814, 2.129136, 29.02047, 355.017, 0.1, 0.1 
4.236819, 0.01058476, -0.2934757, 0.2428547, 2.300282, 28.78192, 354.986, 0.1, 0.1 
4.253583, 0.009668022, -0.2906312, 0.2394253, 2.236495, 28.69121, 354.9543, 0.1, 0.1 
4.270206, 0.009717658, -0.2883295, 0.2376259, 1.998682, 28.84779, 354.8672, 0.1, 0.1 
4.286822, 0.008572578, -0.2861441, 0.2356596, 1.557633, 29.09739, 354.9987, 0.1, 0.1 
4.303532, 0.006531715, -0.2858584, 0.2343223, 1.030701, 29.10112, 355.2375, 0.1, 0.1 
4.320159, 0.004697297, -0.2846382, 0.2304115, 1.146806, 29.08719, 355.2215, 0.1, 0.1 
4.336851, 0.004281715, -0.283627, 0.2284714, 1.356597, 29.04826, 355.1346, 0.1, 0.1 
4.353512, 0.004143212, -0.281183, 0.2262364, 1.161378, 29.1205, 355.3742, 0.1, 0.1 
4.370162, 0.003828261, -0.2785741, 0.2242542, 0.6045004, 29.36964, 355.7294, 0.1, 0.1 
4.386831, 0.003728401, -0.2791887, 0.2264398, 0.3839015, 29.41721, 355.6838, 0.1, 0.1 
4.403501, 0.002681941, -0.2798561, 0.2264025, 0.2545646, 29.45212, 355.6468, 0.1, 0.1 
4.420186, 0.00136815, -0.2796116, 0.2240458, 0.3772892, 29.41977, 355.6835, 0.1, 0.1 
4.436832, 0.00108967, -0.2797696, 0.2225562, 0.6685138, 29.42454, 355.6192, 0.1, 0.1 
4.453607, 0.002075028, -0.2806194, 0.2235926, 0.7589411, 29.50122, 355.6023, 0.1, 0.1 
4.47023, 0.00209913, -0.2791343, 0.2225406, 0.547885, 29.63764, 355.6559, 0.1, 0.1 
4.486828, 0.001068749, -0.2772528, 0.2209783, 0.4642341, 29.64502, 355.6945, 0.1, 0.1 
4.503541, 3.523752E-05, -0.2772476, 0.2210426, 0.4200224, 29.54615, 355.6459, 0.1, 0.1 
4.520213, -0.0006405935, -0.2762741, 0.2192979, 0.4220309, 29.55306, 355.6329, 0.1, 0.1 
4.536971, -0.0008614622, -0.2759, 0.2185591, 0.479986, 29.52508, 355.6382, 0.1, 0.1 
4.553696, -0.0009298865, -0.2758657, 0.2184928, 0.4613465, 29.6061, 355.6256, 0.1, 0.1 
4.570269, -0.001044071, -0.2766891, 0.219454, 0.424877, 29.73786, 355.727, 0.1, 0.1 
4.586869, -0.001315523, -0.2775055, 0.220411, 0.4108482, 29.80658, 355.7257, 0.1, 0.1 
4.60347, -0.001891497, -0.2765267, 0.2186402, 0.5397281, 29.74296, 355.6216, 0.1, 0.1 
4.620203, -0.002576549, -0.2775044, 0.2203383, 0.5467107, 29.53685, 355.4813, 0.1, 0.1 
4.636879, -0.003058463, -0.2767769, 0.2188414, 0.6397111, 29.45852, 355.4351, 0.1, 0.1 
4.653492, -0.003415343, -0.2772263, 0.2187604, 0.619463, 29.44491, 355.4398, 0.1, 0.1 
4.670218, -0.003527638, -0.2779349, 0.2193063, 0.5961633, 29.51049, 355.5157, 0.1, 0.1 
4.686845, -0.003975134, -0.2777607, 0.2193572, 0.5112268, 29.76135, 355.663, 0.1, 0.1 
4.703619, -0.005134396, -0.2773926, 0.21855, 0.5171998, 29.90583, 355.742, 0.1, 0.1 
4.720187, -0.006145906, -0.2771722, 0.2175644, 0.6973852, 29.77967, 355.6425, 0.1, 0.1 
4.736837, -0.006920137, -0.2760778, 0.2158249, 0.8314477, 29.6289, 355.5042, 0.1, 0.1 
4.753518, -0.007404825, -0.2739779, 0.2132373, 0.9561577, 29.69313, 355.5379, 0.1, 0.1 
4.770246, -0.007995103, -0.2730886, 0.212736, 1.032126, 29.48743, 355.3284, 0.1, 0.1 
4.786889, -0.008583024, -0.2742582, 0.2144918, 1.208706, 29.18968, 355.0822, 0.1, 0.1 
4.803574, -0.008598499, -0.2758788, 0.2157669, 1.247513, 28.97342, 354.9607, 0.1, 0.1 
4.820223, -0.008855931, -0.2753185, 0.2138816, 1.13173, 29.02435, 355.0667, 0.1, 0.1 
4.836884, -0.009441633, -0.2750754, 0.2126329, 1.249307, 28.94974, 355.1405, 0.1, 0.1 
4.853538, -0.009713426, -0.2736736, 0.2107438, 1.298237, 28.95175, 355.1755, 0.1, 0.1 
4.870201, -0.009853125, -0.2730088, 0.2101675, 1.208622, 29.03617, 355.1963, 0.1, 0.1 
4.886925, -0.01010311, -0.2738708, 0.2113612, 1.223773, 28.99295, 355.1066, 0.1, 0.1 
4.903578, -0.009410523, -0.2743777, 0.2116312, 1.126881, 28.97859, 355.1384, 0.1, 0.1 
4.920298, -0.009182073, -0.2746695, 0.2116018, 1.120058, 28.97062, 355.1014, 0.1, 0.1 
4.936938, -0.009015836, -0.2749065, 0.2114597, 1.138595, 28.99417, 355.0909, 0.1, 0.1 
4.953505, -0.008940808, -0.2772147, 0.2136225, 1.178144, 29.21247, 355.3029, 0.1, 0.1 
4.970247, -0.00926502, -0.2791294, 0.216122, 1.107338, 29.3729, 355.3368, 0.1, 0.1 
4.986849, -0.01006109, -0.28097, 0.218895, 1.047549, 29.55826, 355.378, 0.1, 0.1 
5.003607, -0.01003528, -0.2794813, 0.2164321, 1.162752, 29.92144, 356.0404, 0.1, 0.1 
5.020271, -0.00861349, -0.2755157, 0.210355, 1.295549, 29.52652, 355.7493, 0.1, 0.1 
5.036899, -0.008135211, -0.2754727, 0.2100213, 1.313601, 29.17817, 355.4341, 0.1, 0.1 
5.053532, -0.008053694, -0.2760843, 0.2104652, 1.413308, 29.13033, 355.4278, 0.1, 0.1 
5.070216, -0.007890765, -0.2769018, 0.2111429, 1.349959, 29.223, 355.5725, 0.1, 0.1 
5.086975, -0.007525463, -0.2771519, 0.2107415, 1.326212, 29.27076, 355.623, 0.1, 0.1 
5.10357, -0.007730501, -0.2770395, 0.2101466, 1.259892, 29.22825, 355.5911, 0.1, 0.1 
5.12035, -0.007294809, -0.2780159, 0.2115531, 1.05733, 29.3333, 355.5697, 0.1, 0.1 
5.136983, -0.006680077, -0.278392, 0.2119615, 1.057322, 29.47374, 355.6916, 0.1, 0.1 
5.153548, -0.005993914, -0.2790445, 0.2124951, 1.025506, 29.66304, 355.8155, 0.1, 0.1 
5.170198, -0.005303516, -0.2793967, 0.2126738, 0.9733377, 29.73987, 355.8592, 0.1, 0.1 
5.186872, -0.004640809, -0.2801319, 0.2137111, 0.9224712, 29.86617, 356.0168, 0.1, 0.1 
5.203588, -0.004681036, -0.2810777, 0.2146651, 0.8156235, 29.98753, 356.2338, 0.1, 0.1 
5.220392, -0.004246647, -0.2820889, 0.215681, 0.6900737, 30.17864, 356.4723, 0.1, 0.1 
5.236906, -0.00333054, -0.2823974, 0.215617, 0.641893, 30.32909, 356.6233, 0.1, 0.1 
5.253598, -0.002001407, -0.2843141, 0.2174539, 0.4056017, 30.31233, 356.5911, 0.1, 0.1 
5.270192, -0.0007522143, -0.2837539, 0.2159639, 0.4435032, 30.12305, 356.3964, 0.1, 0.1 
5.286961, 0.000419952, -0.2843591, 0.2164413, 0.3987997, 30.0472, 356.3266, 0.1, 0.1 
5.303526, 0.00113105, -0.2850246, 0.2169621, 0.3318587, 29.99336, 356.2954, 0.1, 0.1 
5.320314, 0.002044242, -0.2863111, 0.2186719, 0.08537948, 29.98303, 356.349, 0.1, 0.1 
5.336914, 0.002621513, -0.2869091, 0.219612, 359.9274, 30.06553, 356.5108, 0.1, 0.1 
5.353598, 0.003510408, -0.2870308, 0.2195576, 359.811, 30.16998, 356.6461, 0.1, 0.1 
5.370237, 0.004364036, -0.2861393, 0.2177717, 359.9365, 29.96016, 356.4738, 0.1, 0.1 
5.386881, 0.005242631, -0.2863755, 0.2176503, 359.7864, 29.88445, 356.4773, 0.1, 0.1 
5.403574, 0.00563547, -0.2842912, 0.2136242, 0.2398226, 29.69798, 356.1836, 0.1, 0.1 
5.420195, 0.005933166, -0.2829027, 0.2110137, 0.5470062, 29.5616, 355.8754, 0.1, 0.1 
5.436872, 0.006034821, -0.2818522, 0.2098798, 0.7261054, 29.49377, 355.7736, 0.1, 0.1 
5.453673, 0.006280713, -0.2812661, 0.2097502, 0.7045592, 29.46991, 355.7362, 0.1, 0.1 
5.470207, 0.006735422, -0.281149, 0.2098817, 0.619179, 29.46385, 355.7203, 0.1, 0.1 
5.486856, 0.007403977, -0.2816402, 0.2103517, 0.5288765, 29.4428, 355.7045, 0.1, 0.1 
5.503626, 0.007782906, -0.282111, 0.2104952, 0.6230151, 29.48239, 355.7541, 0.1, 0.1 
5.520275, 0.008019038, -0.28217, 0.210085, 0.6349665, 29.52827, 355.7844, 0.1, 0.1 
5.537034, 0.007901922, -0.2817088, 0.2093524, 0.7242865, 29.54412, 355.7137, 0.1, 0.1 
5.553718, 0.008032672, -0.2816731, 0.2093381, 0.8221704, 29.51064, 355.653, 0.1, 0.1 
5.570225, 0.008510001, -0.2819212, 0.2099632, 0.6677747, 29.52948, 355.6674, 0.1, 0.1 
5.586869, 0.008065931, -0.2807552, 0.2089215, 0.7053345, 29.61982, 355.7507, 0.1, 0.1 
5.603614, 0.007417031, -0.2806368, 0.2091832, 0.5673472, 29.48443, 355.6662, 0.1, 0.1 
5.620203, 0.007119052, -0.2800541, 0.2084547, 0.5895427, 29.44691, 355.6682, 0.1, 0.1 
5.636959, 0.007243037, -0.278951, 0.2071558, 0.6552966, 29.53263, 355.7457, 0.1, 0.1 
5.653542, 0.007490985, -0.279076, 0.2074881, 0.5651435, 29.51492, 355.7412, 0.1, 0.1 
5.6703, 0.007280536, -0.2785459, 0.2074187, 0.531705, 29.55657, 355.7754, 0.1, 0.1 
5.68688, 0.00719846, -0.2789943, 0.2083089, 0.4259196, 29.5158, 355.7328, 0.1, 0.1 
5.703536, 0.007033661, -0.2792242, 0.2087871, 0.3931319, 29.53922, 355.7718, 0.1, 0.1 
5.720205, 0.006923683, -0.2790418, 0.2087939, 0.4805958, 29.50703, 355.8247, 0.1, 0.1 
5.736885, 0.006892063, -0.2794915, 0.2096415, 0.4214683, 29.4833, 355.8427, 0.1, 0.1 
5.753622, 0.006923437, -0.2799617, 0.2102132, 0.3807541, 29.47868, 355.8187, 0.1, 0.1 
5.770235, 0.00744497, -0.2814887, 0.2112796, 0.3395841, 29.51234, 355.826, 0.1, 0.1 
5.786999, 0.006868206, -0.2798778, 0.2092785, 0.5933974, 29.60585, 355.7901, 0.1, 0.1 
5.803678, 0.006435029, -0.2798931, 0.2096194, 0.6044828, 29.53319, 355.719, 0.1, 0.1 
5.820371, 0.006114431, -0.2806167, 0.2106791, 0.6929794, 29.46491, 355.7175, 0.1, 0.1 
5.837017, 0.006254643, -0.2804235, 0.2108006, 0.5494163, 29.39653, 355.7115, 0.1, 0.1 
5.853676, 0.006654605, -0.2815915, 0.2117238, 0.6208048, 29.31478, 355.732, 0.1, 0.1 
5.87034, 0.00632789, -0.2803724, 0.2101006, 0.6767857, 29.38295, 355.6902, 0.1, 0.1 
5.886913, 0.006093018, -0.279393, 0.2089738, 0.7028664, 29.47284, 355.6684, 0.1, 0.1 
5.903649, 0.006072968, -0.2794081, 0.2092287, 0.7862022, 29.45433, 355.7157, 0.1, 0.1 
5.920305, 0.005970098, -0.2796233, 0.2102139, 0.5455096, 29.43107, 355.7172, 0.1, 0.1 
5.936914, 0.005760051, -0.2797323, 0.2106191, 0.4063849, 29.39418, 355.694, 0.1, 0.1 
5.953557, 0.005701013, -0.2799353, 0.2106583, 0.3647573, 29.39283, 355.6776, 0.1, 0.1 
5.970307, 0.005925164, -0.2811328, 0.2113831, 0.3263467, 29.37258, 355.6743, 0.1, 0.1 
5.986897, 0.005942829, -0.2806885, 0.2111342, 0.4130427, 29.40748, 355.6477, 0.1, 0.1 
6.003569, 0.005674265, -0.2797816, 0.2106708, 0.4206511, 29.3616, 355.6112, 0.1, 0.1 
6.020292, 0.005559914, -0.279492, 0.2106999, 0.3985211, 29.33308, 355.5961, 0.1, 0.1 
6.037064, 0.005477719, -0.2795528, 0.2106826, 0.4066696, 29.32572, 355.5878, 0.1, 0.1 
6.053801, 0.005567849, -0.2799923, 0.2109952, 0.3915257, 29.36439, 355.6195, 0.1, 0.1 
6.070266, 0.005692534, -0.2812694, 0.2120471, 0.410762, 29.34253, 355.6012, 0.1, 0.1 
6.08694, 0.005618602, -0.2802964, 0.2109891, 0.4282914, 29.35362, 355.6348, 0.1, 0.1 
6.103637, 0.005644292, -0.2797958, 0.2107966, 0.3830462, 29.37794, 355.6396, 0.1, 0.1 
6.120343, 0.005632631, -0.2795442, 0.2105873, 0.3917715, 29.3863, 355.6755, 0.1, 0.1 
6.137022, 0.005793549, -0.279907, 0.2109076, 0.362227, 29.39173, 355.6933, 0.1, 0.1 
6.153571, 0.005655318, -0.2798633, 0.2108768, 0.4227283, 29.3385, 355.6728, 0.1, 0.1 
6.170344, 0.005572982, -0.2802882, 0.2122879, 0.4476081, 29.33923, 355.7245, 0.1, 0.1 
6.187005, 0.005432546, -0.2800966, 0.2129, 0.468775, 29.25191, 355.6951, 0.1, 0.1 
6.203687, 0.005877279, -0.2803136, 0.2138736, 0.4214955, 29.23374, 355.6938, 0.1, 0.1 
6.220436, 0.006470822, -0.280251, 0.2146256, 0.3906282, 29.26163, 355.6902, 0.1, 0.1 
6.237063, 0.007051237, -0.2810308, 0.2162953, 0.4034798, 29.22288, 355.7022, 0.1, 0.1 
6.253706, 0.007968143, -0.280605, 0.2167895, 0.4015182, 29.34513, 355.67, 0.1, 0.1 
6.270369, 0.008784495, -0.280287, 0.2173487, 0.4067403, 29.46722, 355.6863, 0.1, 0.1 
6.286914, 0.009253614, -0.2801847, 0.217911, 0.4035557, 29.55764, 355.7209, 0.1, 0.1 
6.303727, 0.009481087, -0.2809798, 0.2195159, 0.4179433, 29.58167, 355.7442, 0.1, 0.1 
6.320246, 0.01000719, -0.2806921, 0.2197021, 0.4187228, 29.85179, 355.7175, 0.1, 0.1 
6.337171, 0.01133274, -0.2805396, 0.2206846, 0.4228951, 30.51348, 355.7765, 0.1, 0.1 
6.353787, 0.01263166, -0.2797262, 0.2209877, 0.5021356, 31.32577, 355.8111, 0.1, 0.1 
6.370251, 0.01426391, -0.279763, 0.2218101, 0.5078448, 32.23393, 355.8532, 0.1, 0.1 
6.38691, 0.01571676, -0.279631, 0.2223069, 0.5381505, 33.25983, 355.9166, 0.1, 0.1 
6.403646, 0.01668001, -0.2795524, 0.2225544, 0.5975899, 34.34522, 355.9676, 0.1, 0.1 
6.42036, 0.01737683, -0.2791911, 0.2216347, 0.7213797, 35.46343, 356.0139, 0.1, 0.1 
6.437015, 0.01808915, -0.2792503, 0.2207278, 0.8656842, 36.50818, 356.0282, 0.1, 0.1 
6.453704, 0.01798264, -0.2795749, 0.220085, 0.9267626, 37.43829, 356.0633, 0.1, 0.1 
6.470309, 0.01765437, -0.2789909, 0.2179702, 0.9836492, 38.40574, 356.146, 0.1, 0.1 
6.486955, 0.01761834, -0.2788239, 0.2161651, 1.016353, 39.32081, 356.1592, 0.1, 0.1 
6.503655, 0.01549014, -0.2779311, 0.2138473, 1.445884, 39.81232, 356.2126, 0.1, 0.1 
6.520298, 0.009363055, -0.2808474, 0.21738, 1.561964, 39.39408, 356.1951, 0.1, 0.1 
6.53697, -0.001044214, -0.2810997, 0.2176964, 1.826983, 37.92628, 355.9998, 0.1, 0.1 
6.553714, -0.01332381, -0.2785901, 0.2143262, 2.419106, 35.72039, 355.6743, 0.1, 0.1 
6.570297, -0.02491825, -0.2747989, 0.2091911, 3.063494, 33.01286, 354.4731, 0.1, 0.1 
6.586992, -0.03425107, -0.2724944, 0.2059444, 3.101729, 30.38335, 352.5789, 0.1, 0.1 
6.603633, -0.04014289, -0.2716832, 0.2040548, 1.974789, 28.61247, 351.8905, 0.1, 0.1 
6.620323, -0.04153067, -0.2733845, 0.2040171, 0.8496789, 28.08819, 352.3076, 0.1, 0.1 
6.63706, -0.04114817, -0.2738453, 0.2015866, 0.5593824, 28.2765, 353.6315, 0.1, 0.1 
6.653769, -0.04089596, -0.2730432, 0.1972801, 0.8082763, 28.41394, 354.4309, 0.1, 0.1 
6.670401, -0.04138636, -0.2734418, 0.1948367, 1.030094, 28.32164, 354.77, 0.1, 0.1 
6.686938, -0.04204428, -0.2737079, 0.1931077, 1.162605, 28.21905, 354.9052, 0.1, 0.1 
6.703723, -0.04206491, -0.2732202, 0.1908538, 1.168355, 28.00872, 354.7822, 0.1, 0.1 
6.720379, -0.04100812, -0.2734457, 0.1887869, 1.058165, 27.94894, 354.5529, 0.1, 0.1 
6.73704, -0.03911886, -0.2731932, 0.1860348, 0.8552169, 28.04824, 354.4035, 0.1, 0.1 
6.753819, -0.03652352, -0.273518, 0.183934, 0.7200638, 28.21864, 354.3145, 0.1, 0.1 
6.770269, -0.03376219, -0.2745416, 0.1825809, 0.8597901, 28.36191, 354.4847, 0.1, 0.1 
6.786972, -0.03085425, -0.2755039, 0.181099, 1.014165, 28.55332, 354.8104, 0.1, 0.1 
6.803727, -0.0281546, -0.27531, 0.1781056, 1.197412, 28.76089, 355.1031, 0.1, 0.1 
6.820272, -0.02465463, -0.2757439, 0.1761811, 1.277834, 28.93139, 355.1986, 0.1, 0.1 
6.836938, -0.02064536, -0.2762007, 0.1748029, 1.275063, 29.23185, 355.3711, 0.1, 0.1 
6.853775, -0.01605878, -0.2772374, 0.1747548, 1.178819, 29.63198, 355.7111, 0.1, 0.1 
6.870294, -0.01133611, -0.277536, 0.1743658, 1.240466, 30.12848, 356.3365, 0.1, 0.1 
6.887041, -0.005299617, -0.2800257, 0.1765815, 1.207571, 31.00361, 357.2362, 0.1, 0.1 
6.903679, 0.0006872267, -0.2800399, 0.1766461, 1.46557, 31.48502, 357.6147, 0.1, 0.1 
6.920382, 0.006741725, -0.2790868, 0.1757192, 1.821957, 31.9164, 357.6501, 0.1, 0.1 
6.936939, 0.01269897, -0.2802603, 0.1771993, 2.023946, 32.28772, 357.6902, 0.1, 0.1 
6.953741, 0.01703743, -0.2794242, 0.1768553, 2.496298, 32.78125, 357.9379, 0.1, 0.1 
6.970296, 0.02079125, -0.2788004, 0.1783579, 2.738966, 33.038, 357.7521, 0.1, 0.1 
6.986943, 0.02385336, -0.2792088, 0.1803278, 2.988268, 33.33466, 357.8458, 0.1, 0.1 
7.003656, 0.02572883, -0.2783923, 0.1824996, 2.896924, 33.40118, 357.6072, 0.1, 0.1 
7.020407, 0.02639211, -0.2778589, 0.1847853, 2.702675, 33.45487, 357.3822, 0.1, 0.1 
7.036947, 0.02666535, -0.2777953, 0.1869526, 2.446585, 33.53518, 357.5173, 0.1, 0.1 
7.05362, 0.02653832, -0.2753612, 0.1866267, 1.194492, 33.86028, 358.8849, 0.1, 0.1 
7.07032, 0.02484376, -0.2752771, 0.1891783, 359.4186, 34.25658, 358.3779, 0.1, 0.1 
7.087074, 0.02187269, -0.277316, 0.1941521, 358.6482, 34.37317, 357.6253, 0.1, 0.1 
7.103733, 0.01680156, -0.2779069, 0.1976211, 359.014, 33.81735, 356.3667, 0.1, 0.1 
7.120407, 0.01020104, -0.2756522, 0.198309, 0.03992331, 33.1705, 355.9414, 0.1, 0.1 
7.136956, 0.004061617, -0.2746679, 0.2002576, 0.9057537, 32.41552, 356.3961, 0.1, 0.1 
7.153652, 0.0003784224, -0.275445, 0.2038899, 1.287307, 31.766, 356.7304, 0.1, 0.1 
7.170367, 0.00112386, -0.2755964, 0.2053277, 1.393534, 32.11784, 357.0656, 0.1, 0.1 
7.186994, 0.002498589, -0.2752993, 0.2056683, 1.480012, 33.05226, 357.2796, 0.1, 0.1 
7.203749, 0.003682628, -0.2752556, 0.2059356, 1.890543, 34.21929, 357.3709, 0.1, 0.1 
7.220379, 0.006220974, -0.2793948, 0.2102057, 2.135726, 35.48277, 357.5882, 0.1, 0.1 
7.237068, 0.006865926, -0.2763925, 0.2057103, 2.710263, 36.59685, 358.2677, 0.1, 0.1 
7.253689, 0.006710157, -0.2761534, 0.203628, 2.069042, 37.48618, 357.8559, 0.1, 0.1 
7.27034, 0.005810581, -0.2781555, 0.2044173, 1.599442, 38.20898, 356.9803, 0.1, 0.1 
7.287076, 0.0009752735, -0.2789332, 0.2053268, 3.037989, 38.3413, 356.7283, 0.1, 0.1 
7.303653, -0.007878419, -0.2753406, 0.2012101, 4.717911, 37.14882, 356.1899, 0.1, 0.1 
7.320289, -0.01498969, -0.274608, 0.1993191, 5.515018, 35.44949, 355.32, 0.1, 0.1 
7.336968, -0.02020144, -0.2730868, 0.1956659, 5.761585, 33.99003, 354.9922, 0.1, 0.1 
7.353664, -0.02347402, -0.2726032, 0.1927954, 5.683112, 33.13374, 354.9302, 0.1, 0.1 
7.370336, -0.02656795, -0.2715395, 0.1888306, 5.704681, 32.39661, 354.9174, 0.1, 0.1 
7.387014, -0.02977471, -0.2706783, 0.1850289, 5.685088, 31.57747, 354.9716, 0.1, 0.1 
7.403759, -0.0332417, -0.2722449, 0.1827309, 4.28073, 30.8871, 355.1714, 0.1, 0.1 
7.420462, -0.03704821, -0.2724096, 0.1787748, 2.57349, 30.14569, 355.221, 0.1, 0.1 
7.437007, -0.03918659, -0.2739275, 0.1758626, 1.081463, 29.65858, 354.7253, 0.1, 0.1 
7.45371, -0.03938144, -0.2754805, 0.1724995, 0.2727002, 29.5029, 354.5022, 0.1, 0.1 
7.470326, -0.03848407, -0.2746048, 0.1671408, 0.3194574, 29.57218, 354.4402, 0.1, 0.1 
7.48699, -0.03684171, -0.274665, 0.16313, 0.6549408, 29.66745, 354.7192, 0.1, 0.1 
7.503736, -0.03503561, -0.2755288, 0.1603795, 0.9394149, 29.73889, 354.9931, 0.1, 0.1 
7.520368, -0.03273346, -0.2767569, 0.1582594, 0.9935691, 29.872, 355.2378, 0.1, 0.1 
7.536979, -0.0300577, -0.2767862, 0.155296, 1.118179, 30.12515, 355.5798, 0.1, 0.1 
7.553758, -0.02723741, -0.2768686, 0.1527416, 1.474998, 30.28243, 355.9836, 0.1, 0.1 
7.570311, -0.02436534, -0.276802, 0.1504279, 1.937646, 30.35293, 356.4713, 0.1, 0.1 
7.587049, -0.0214011, -0.2773805, 0.1492204, 2.27518, 30.59317, 356.7863, 0.1, 0.1 
7.603648, -0.01894299, -0.2773949, 0.1477394, 2.572211, 30.80693, 356.7689, 0.1, 0.1 
7.620442, -0.01677628, -0.2783293, 0.1474836, 2.80342, 30.89774, 356.9218, 0.1, 0.1 
7.637021, -0.01481752, -0.2790785, 0.1474064, 2.539297, 31.27367, 356.6175, 0.1, 0.1 
7.653721, -0.01346218, -0.279142, 0.1468339, 2.272902, 31.41975, 356.2635, 0.1, 0.1 
7.67035, -0.01257323, -0.2790849, 0.1465415, 2.039985, 31.42881, 356.1082, 0.1, 0.1 
7.687026, -0.01227345, -0.2790746, 0.1468051, 1.876452, 31.37088, 356.0487, 0.1, 0.1 
7.703704, -0.01216897, -0.2793432, 0.147992, 1.702365, 31.29527, 356.0435, 0.1, 0.1 
7.720401, -0.01198393, -0.2794004, 0.149142, 1.587408, 31.18286, 356.0154, 0.1, 0.1 
7.737031, -0.01159472, -0.2792303, 0.1504083, 1.514829, 31.12744, 356.0371, 0.1, 0.1 
7.753674, -0.01093308, -0.2796042, 0.1527128, 1.454063, 31.07272, 356.1288, 0.1, 0.1 
7.77035, -0.01009304, -0.2797694, 0.1550193, 1.54824, 31.06676, 356.3681, 0.1, 0.1 
7.787032, -0.009109441, -0.2800699, 0.1575175, 1.668681, 31.204, 356.7203, 0.1, 0.1 
7.803658, -0.008394383, -0.2789317, 0.1584024, 1.926979, 31.32379, 356.9503, 0.1, 0.1 
7.820371, -0.009113047, -0.2774233, 0.1608887, 2.340557, 31.41821, 357.1832, 0.1, 0.1 
7.837115, -0.01073286, -0.2762841, 0.1620031, 2.687119, 31.42083, 357.425, 0.1, 0.1 
7.85374, -0.01196158, -0.2766003, 0.1637654, 2.931221, 31.40707, 357.7138, 0.1, 0.1 
7.870483, -0.01476569, -0.275348, 0.1645187, 3.283535, 31.09571, 357.9498, 0.1, 0.1 
7.887106, -0.01814042, -0.274622, 0.1656591, 3.632007, 30.78448, 358.5331, 0.1, 0.1 
7.903817, -0.02181116, -0.2738724, 0.1668421, 4.121993, 30.40989, 359.2639, 0.1, 0.1 
7.920348, -0.02365676, -0.2736411, 0.1687687, 4.569175, 30.47248, 0.5176006, 0.1, 0.1 
7.936993, -0.02368475, -0.2727737, 0.1700922, 5.049946, 30.63108, 2.310069, 0.1, 0.1 
7.9538, -0.02288662, -0.2727756, 0.1715157, 5.655687, 30.85062, 3.586144, 0.1, 0.1 
7.970451, -0.02219905, -0.271475, 0.1716321, 6.448123, 31.47409, 4.312608, 0.1, 0.1 
7.987211, -0.02098548, -0.2701608, 0.1715597, 7.498198, 32.18428, 4.407387, 0.1, 0.1 
8.003693, -0.02017612, -0.2696263, 0.1725401, 8.30175, 32.71351, 4.275459, 0.1, 0.1 
8.020338, -0.02031904, -0.2673612, 0.1719921, 8.78101, 32.95576, 4.038863, 0.1, 0.1 
8.037004, -0.02000098, -0.2661947, 0.1730821, 8.627915, 32.85058, 3.930972, 0.1, 0.1 
8.053712, -0.02034892, -0.2635537, 0.1723116, 7.435668, 32.44408, 4.941549, 0.1, 0.1 
8.070422, -0.02074398, -0.2616032, 0.1717368, 5.755321, 31.94347, 6.344118, 0.1, 0.1 
8.08715, -0.02126669, -0.2596334, 0.1707233, 3.838183, 31.40273, 7.972767, 0.1, 0.1 
8.103679, -0.02147146, -0.2576517, 0.1688569, 2.063803, 30.93068, 9.283758, 0.1, 0.1 
8.120388, -0.02142893, -0.2562378, 0.166537, 0.5169659, 30.55072, 10.16431, 0.1, 0.1 
8.137062, -0.02089977, -0.2565605, 0.1652709, 359.1481, 30.19327, 10.59231, 0.1, 0.1 
8.153752, -0.02059761, -0.2579654, 0.1647052, 358.155, 29.83256, 10.27557, 0.1, 0.1 
8.170391, -0.02044281, -0.2586876, 0.1631958, 357.3998, 29.47105, 9.50006, 0.1, 0.1 
8.187081, -0.01921924, -0.2604662, 0.1621342, 356.2417, 29.37562, 9.133242, 0.1, 0.1 
8.203676, -0.01724335, -0.2640257, 0.1623086, 355.6743, 29.48297, 7.915725, 0.1, 0.1 
8.220358, -0.01490704, -0.2670195, 0.1615815, 356.1662, 29.72264, 6.204701, 0.1, 0.1 
8.237022, -0.01228852, -0.2684393, 0.1599531, 357.2424, 30.13842, 3.966171, 0.1, 0.1 
8.253793, -0.00825797, -0.2740927, 0.1629062, 358.2134, 30.79946, 0.5265121, 0.1, 0.1 
8.270421, -0.004933752, -0.2775497, 0.1638215, 359.557, 31.40322, 356.9189, 0.1, 0.1 
8.287079, -0.003468223, -0.2771614, 0.1614753, 0.5581064, 31.83185, 353.9417, 0.1, 0.1 
8.303682, -0.003489792, -0.2783184, 0.1613338, 1.075139, 31.9552, 353.0105, 0.1, 0.1 
8.320382, -0.004587635, -0.2775771, 0.160197, 1.243082, 31.85797, 353.0323, 0.1, 0.1 
8.337025, -0.005914845, -0.2776757, 0.1602959, 1.313808, 31.53093, 353.3496, 0.1, 0.1 
8.353818, -0.006770764, -0.2780254, 0.1609268, 1.250315, 31.29783, 353.6775, 0.1, 0.1 
8.370369, -0.007254783, -0.2782886, 0.1617199, 1.096421, 31.18753, 353.9878, 0.1, 0.1 
8.387008, -0.007995803, -0.2780623, 0.1614749, 0.9910117, 31.11777, 354.3436, 0.1, 0.1 
8.403697, -0.008535866, -0.2779081, 0.1615444, 1.015679, 31.03081, 354.7679, 0.1, 0.1 
8.420494, -0.008914616, -0.277842, 0.1617019, 1.070023, 31.02856, 355.1283, 0.1, 0.1 
8.437466, -0.009130169, -0.278604, 0.1626989, 0.9698123, 31.10605, 355.3672, 0.1, 0.1 
8.453702, -0.009351186, -0.2790289, 0.1633993, 0.8578268, 31.31747, 355.5585, 0.1, 0.1 
8.470406, -0.01006684, -0.2788765, 0.1633939, 0.793663, 31.33253, 355.6342, 0.1, 0.1 
8.487098, -0.0112576, -0.2781479, 0.162505, 0.7942335, 31.27627, 355.7274, 0.1, 0.1 
8.503799, -0.01175382, -0.2777874, 0.1616078, 0.8957342, 31.03009, 355.5956, 0.1, 0.1 
8.520441, -0.01319619, -0.2780645, 0.1621278, 0.7813749, 30.70112, 355.5184, 0.1, 0.1 
8.53714, -0.01368663, -0.2776065, 0.1613639, 0.891223, 30.34425, 355.2798, 0.1, 0.1 
8.553895, -0.01388078, -0.2779263, 0.1615879, 0.8266129, 30.3557, 355.2258, 0.1, 0.1 
8.570375, -0.0138989, -0.2779022, 0.1612211, 0.7741191, 30.4607, 355.2022, 0.1, 0.1 
8.587081, -0.0135457, -0.2777661, 0.1607605, 0.7393139, 30.54661, 355.1591, 0.1, 0.1 
8.603838, -0.01340133, -0.2773064, 0.159971, 0.7314078, 30.60403, 355.1046, 0.1, 0.1 
8.620494, -0.01339867, -0.2764217, 0.158827, 0.7698819, 30.59476, 354.9931, 0.1, 0.1 
8.637135, -0.01338993, -0.2759439, 0.158237, 0.7796682, 30.59512, 354.9021, 0.1, 0.1 
8.653779, -0.01301214, -0.2758746, 0.1576072, 0.7771195, 30.59531, 354.815, 0.1, 0.1 
8.670374, -0.01264427, -0.275905, 0.1569322, 0.7653008, 30.62683, 354.7675, 0.1, 0.1 
8.68703, -0.01240558, -0.2767451, 0.157603, 0.6453127, 30.63189, 354.7412, 0.1, 0.1 
8.703704, -0.01201737, -0.278248, 0.1590318, 0.4276532, 30.69651, 354.8394, 0.1, 0.1 
8.720397, -0.01226319, -0.2775211, 0.1579039, 0.5292589, 30.74534, 354.9267, 0.1, 0.1 
8.737046, -0.01242502, -0.2773678, 0.1576978, 0.5679986, 30.7666, 354.951, 0.1, 0.1 
8.753803, -0.01243522, -0.276102, 0.1566079, 0.626275, 30.78686, 354.9836, 0.1, 0.1 
8.770486, -0.01224144, -0.2758895, 0.1567772, 0.5048563, 30.78242, 355.0095, 0.1, 0.1 
8.787145, -0.01247421, -0.2761756, 0.1575873, 0.4317473, 30.71896, 355.0157, 0.1, 0.1 
8.803712, -0.01252966, -0.2762938, 0.1577829, 0.3876866, 30.69529, 354.9848, 0.1, 0.1 
8.820404, -0.01255697, -0.2765993, 0.1576686, 0.3376297, 30.74732, 355.0251, 0.1, 0.1 
8.837052, -0.01254719, -0.2772457, 0.1583671, 0.2280598, 30.76908, 355.1596, 0.1, 0.1 
8.853764, -0.01286823, -0.2762611, 0.1573722, 0.3048566, 30.70026, 355.0797, 0.1, 0.1 
8.870452, -0.01284371, -0.2757421, 0.1570221, 0.3527125, 30.67827, 355.0401, 0.1, 0.1 
8.887174, -0.01270905, -0.2762734, 0.1575778, 0.3353652, 30.72383, 355.0192, 0.1, 0.1 
8.90372, -0.0129254, -0.2764564, 0.1575689, 0.3803507, 30.73923, 355.0901, 0.1, 0.1 
8.920385, -0.01301353, -0.2764072, 0.1571509, 0.5016216, 30.7812, 355.0495, 0.1, 0.1 
8.937194, -0.01277626, -0.2772398, 0.1577516, 0.6029091, 30.81707, 355.2144, 0.1, 0.1 
8.953742, -0.01293526, -0.2754244, 0.1562187, 0.6246746, 30.9148, 355.2299, 0.1, 0.1 
8.970574, -0.01307412, -0.276031, 0.157436, 0.4138089, 30.82628, 355.1163, 0.1, 0.1 
8.987064, -0.01322992, -0.2762668, 0.1580535, 0.2798884, 30.68864, 355.1352, 0.1, 0.1 
9.003723, -0.01337077, -0.2759487, 0.1578007, 0.2467806, 30.63323, 355.013, 0.1, 0.1 
9.020392, -0.01333679, -0.2757782, 0.1576476, 0.2621427, 30.63774, 354.9629, 0.1, 0.1 
9.037095, -0.0133091, -0.276512, 0.1581833, 0.2201954, 30.58109, 354.8552, 0.1, 0.1 
9.053823, -0.01355487, -0.2758951, 0.1575183, 0.2572657, 30.61087, 354.881, 0.1, 0.1 
9.070447, -0.01366942, -0.275418, 0.1570663, 0.2797761, 30.67863, 354.9559, 0.1, 0.1 
9.087108, -0.01351018, -0.2752368, 0.1572328, 0.2505503, 30.76577, 354.9981, 0.1, 0.1 
9.103779, -0.01333463, -0.2755895, 0.1579071, 0.2644956, 30.81909, 354.8974, 0.1, 0.1 
9.120502, -0.01328021, -0.2748818, 0.1576422, 0.2320447, 30.81115, 354.9537, 0.1, 0.1 
9.137115, -0.01334176, -0.2742116, 0.1574228, 0.1915703, 30.81086, 355.0576, 0.1, 0.1 
9.153905, -0.01334995, -0.2741913, 0.1579261, 0.114781, 30.7945, 355.0925, 0.1, 0.1 
9.170428, -0.01346279, -0.2742287, 0.1582882, 0.105262, 30.76799, 355.0998, 0.1, 0.1 
9.187189, -0.01352385, -0.2743383, 0.1586291, 0.08376365, 30.74635, 355.1279, 0.1, 0.1 
9.203732, -0.01352132, -0.2748094, 0.1591232, 0.1060669, 30.71609, 355.2457, 0.1, 0.1 
9.220423, -0.01369365, -0.2744317, 0.1588079, 0.229031, 30.69424, 355.2056, 0.1, 0.1 
9.237066, -0.0139051, -0.2738013, 0.15827, 0.2808059, 30.74809, 355.2107, 0.1, 0.1 
9.253953, -0.01395554, -0.2740751, 0.158725, 0.2121306, 30.80891, 355.1465, 0.1, 0.1 
9.270411, -0.01380554, -0.2747084, 0.1592118, 0.2702717, 30.89211, 355.2537, 0.1, 0.1 
9.287181, -0.01360808, -0.2734971, 0.1580395, 0.4694118, 30.92629, 355.1794, 0.1, 0.1 
9.303926, -0.01362447, -0.2729673, 0.1579158, 0.522119, 30.87298, 355.1292, 0.1, 0.1 
9.320436, -0.01349268, -0.2744053, 0.1597051, 0.5680668, 30.84985, 355.1699, 0.1, 0.1 
9.337075, -0.01385413, -0.2729181, 0.1583583, 0.5287822, 30.90534, 355.1535, 0.1, 0.1 
9.353838, -0.01396927, -0.2727665, 0.1584585, 0.5519871, 30.97367, 355.1379, 0.1, 0.1 
9.370442, -0.01400761, -0.2730231, 0.1595686, 0.3154169, 30.90534, 355.0799, 0.1, 0.1 
9.387166, -0.01387048, -0.2735105, 0.1604006, 0.2107703, 30.82418, 355.0185, 0.1, 0.1 
9.403776, -0.01393234, -0.2730774, 0.1598892, 0.3441006, 30.83541, 355.0222, 0.1, 0.1 
9.420445, -0.01385478, -0.2731822, 0.1597185, 0.4864957, 30.8391, 355.0267, 0.1, 0.1 
9.437199, -0.01402564, -0.2733759, 0.1598965, 0.5876988, 30.80521, 355.0017, 0.1, 0.1 
9.45382, -0.0143277, -0.2731744, 0.1597936, 0.6606671, 30.74653, 354.9633, 0.1, 0.1 
9.470568, -0.01463308, -0.2734011, 0.1603327, 0.6271638, 30.6815, 354.9434, 0.1, 0.1 
9.487088, -0.01493255, -0.2734564, 0.1605977, 0.6042169, 30.67172, 354.9335, 0.1, 0.1 
9.50382, -0.01513531, -0.2732487, 0.1607943, 0.602896, 30.64488, 354.9417, 0.1, 0.1 
9.520447, -0.01541839, -0.2739627, 0.1618376, 0.6690916, 30.56526, 354.8344, 0.1, 0.1 
9.53721, -0.01547399, -0.2731432, 0.1605912, 0.6938149, 30.63532, 354.9568, 0.1, 0.1 
9.55392, -0.01555654, -0.2735149, 0.160889, 0.6562439, 30.67226, 355.0455, 0.1, 0.1 
9.570521, -0.01602594, -0.2725931, 0.1600022, 0.7391156, 30.62962, 355.0685, 0.1, 0.1 
9.587095, -0.01597555, -0.2720938, 0.1593836, 0.6602386, 30.60741, 355.0799, 0.1, 0.1 
9.603832, -0.0157177, -0.2717029, 0.1591543, 0.5250564, 30.60716, 355.1084, 0.1, 0.1 
9.620545, -0.01543091, -0.2718336, 0.1594579, 0.4031026, 30.65533, 355.1289, 0.1, 0.1 
9.63717, -0.01528173, -0.2721545, 0.1598693, 0.3074673, 30.70757, 355.2135, 0.1, 0.1 
9.653821, -0.01532453, -0.2721771, 0.1599019, 0.2628739, 30.73405, 355.262, 0.1, 0.1 
9.670556, -0.01545432, -0.2721042, 0.1597518, 0.3127069, 30.74285, 355.2617, 0.1, 0.1 
9.687105, -0.01529768, -0.2720087, 0.158991, 0.3588591, 30.77508, 355.228, 0.1, 0.1 
9.703861, -0.0149865, -0.2720761, 0.1586924, 0.38204, 30.8138, 355.2047, 0.1, 0.1 
9.720598, -0.01466232, -0.2724288, 0.1590075, 0.3738614, 30.86131, 355.2522, 0.1, 0.1 
9.737193, -0.01451312, -0.2725831, 0.1591989, 0.4296363, 30.86773, 355.3365, 0.1, 0.1 
9.753882, -0.01451495, -0.2730031, 0.1595453, 0.4743114, 30.81854, 355.3768, 0.1, 0.1 
9.770442, -0.01490596, -0.2728035, 0.1592425, 0.5735106, 30.74217, 355.4017, 0.1, 0.1 
9.787171, -0.01518401, -0.272856, 0.1588774, 0.587364, 30.65793, 355.393, 0.1, 0.1 
9.803765, -0.01509757, -0.2735718, 0.1590285, 0.6178527, 30.60171, 355.2961, 0.1, 0.1 
9.820564, -0.01501499, -0.2736641, 0.1585829, 0.6823392, 30.58648, 355.2342, 0.1, 0.1 
9.837173, -0.01494933, -0.2740989, 0.1588991, 0.6994754, 30.66141, 355.2553, 0.1, 0.1 
9.853927, -0.01508096, -0.274848, 0.1592721, 0.7599857, 30.67848, 355.2522, 0.1, 0.1 
9.870525, -0.01509068, -0.2750496, 0.1586688, 0.9036252, 30.675, 355.1599, 0.1, 0.1 
9.88714, -0.01498965, -0.2738274, 0.1579464, 1.080133, 30.6838, 354.9093, 0.1, 0.1 
9.903873, -0.01482046, -0.2715282, 0.1568019, 0.7955063, 30.79984, 355.0019, 0.1, 0.1 
9.920485, -0.01464562, -0.2705303, 0.1570074, 0.4582914, 30.87248, 355.2184, 0.1, 0.1 
9.937166, -0.01453751, -0.2711417, 0.1582445, 0.3658103, 30.80458, 355.2085, 0.1, 0.1 
9.953832, -0.01455467, -0.2721299, 0.1593939, 0.3165711, 30.76088, 355.2043, 0.1, 0.1 
